47
479
4703
4721
4723
4729
4733
4751
4753
4759
4783
4787
4789
4793
4799
47017
47041
47051
47057
47059
47069
47081
47087
47093
47107
47111
47119
47123
47129
47137
47143
47147
47149
47161
47189
47207
47221
47237
47251
47269
47279
47287
47291
47293
47297
47303
47309
47317
47339
47351
47353
47363
47381
47383
47387
47389
47407
47417
47419
47431
47441
47459
47489
47491
47497
47501
47507
47513
47521
47527
47533
47543
47563
47569
47579
47581
47591
47599
47609
47623
47629
47639
47653
47657
47659
47681
47699
47701
47711
47713
47717
47737
47741
47743
47777
47779
47791
47797
47807
47809
47819
47827
47837
47843
47857
47869
47873
47881
47903
47911
47917
47933
47939
47947
47951
47963
47969
47977
47981
