000000000
000003085
001020000
000507000
004000100
090000000
500000073
002010000
000040009
000000012
000000003
002300400
001800005
060070800
000009000
008500000
900040500
470006000
020050700
400100006
800003000
200008003
040020500
000600010
002090000
090000005
704000900
000000003
001005600
090040070
000009050
700000008
050402000
080020090
003500100
600000000
120300004
350000100
004000000
005400200
600070000
000008090
003100500
000009070
000060008
100000002
090400050
006000700
050903000
000070000
000850040
700000600
030009080
002000001
000000039
000001005
003050800
008090006
070002000
100400000
009080050
020000600
400700000
120300000
400000300
003050000
004200500
000080009
060005070
001500200
000090060
000007008
003006080
000100200
000070004
009008060
030040001
070200000
300005000
005000600
980000050
100000009
006700020
080000400
000075030
005002000
060300000
090000800
600040001
002500060
009000400
070300020
800060007
100800006
000010070
000056000
300005001
040000090
002000700
000090050
010000030
002300700
004500070
800000200
000006400
090010000
080060000
005400007
400030000
000600800
000000001
000050090
080000600
070200000
000102700
503000040
900000000
708000300
000201000
500000000
040000026
300080000
000100090
090600004
000070500
000000000
307040000
000000091
800000000
400000700
000160000
000250000
000000380
090000500
020600000
000000008
003000400
090020060
000079000
000061200
060502070
008000500
010000020
405000003
000000010
400000000
020000000
000050407
008000300
001090000
300400200
050100000
000806000
000000012
000035000
000600070
700000300
000400800
100000000
000120000
080000040
050000600
100000002
090400050
006000700
050304000
000060000
000058040
002000600
030009080
700000001
000001020
300040500
000600007
002000001
080090030
400000800
500002000
090030400
006700000

