1003020600
1900305001
1001806400
1008102900
1700000008
1006708200
1002609500
1800203009
1005010300
1200080300
1060070084
1030500209
1000105408
1000000000
1402706000
1301007040
1720040060
1004010003
1000000907
1000420180
1000705026
1100904000
1050000040
1000507009
1920108000
1034059000
1507000000
1030050040
1008010500
1460000012
1070502080
1000603000
1040109030
1250000098
1001020600
1080060020
1020810740
1700003100
1090002805
1009040087
1400208003
1160030200
1302700060
1005600008
1076051090
1100920000
1524010000
1000000070
1050008102
1000000000
1402700090
1060000000
1000030945
1000071006
1043080250
1600000000
1000001094
1900004070
1000608000
1010200003
1820500000
1000000005
1034090710
1480006902
1002008001
1900370060
1840010200
1003704100
1001060049
1020085007
1700900600
1609200018
1000900002
1050123400
1030000160
1908000000
1070000090
1000000205
1091000050
1007439020
1400007000
1001900003
1900700160
1030005007
1050000009
1004302600
1200000070
1600100030
1042007006
1500006800
1000125400
1008400000
1420800000
1030000095
1060902010
1510000060
1000003049
1000007200
1001298000
1062340750
1100005600
1570000040
1000094800
1400000006
1005830000
1030000091
1006400007
1059083260
1300000000
1005009000
1200504000
1020000700
1160000058
1704310600
1000890100
1000067080
1000005437
1630000000
1000500008
1005674000
1000020000
1003401020
1000000345
1000007004
1080300902
1947100080
1000020040
1008035000
1000070602
1031046970
1200000000
1000501203
1049000730
1000000010
1800004000
1361025900
1080960010
1400000057
1008000471
1000603000
1259000800
1740000005
1020018060
1005470329
1050807020
1600010090
1702540006
1070020301
1504000908
1103080070
1900076205
1060090003
1080103040
1080005000
1000003457
1000070809
1060400903
1007010500
1408007020
1901020000
1842300000
1000100080
1003502900
1000040000
1106000305
1900251008
1070408030
1800763001
1308000104
1000020000
1005104800
1000000000
1009805100
1051907420
1290401065
1000000000
1140508093
1026709580
1005103600
1000000000
1020030090
1000907000
1900208005
1004806500
1607000208
1003102900
1800605007
1000309000
1030020050
1005000006
1070009020
1000500107
1804150000
1000803000
1000092805
1907006000
1030400010
1200000600
1040000050
1001943600
1009000300
1600050002
1103000506
1800020007
1005000200
1002436700
1030000040
1004000000
1000030002
1390700080
1400009001
1209801307
1600200008
1010008053
1900040000
1000000800
1360020089
1000361000
1000000000
1803000602
1400603007
1607000108
1000000000
1000418000
1970030014
1500400060
1009000800
1640020000
1000001008
1208000501
1700500000
1000090084
1003000600
1060003002
1007256400
1400000005
1010030060
1000508000
1008060200
1000107000
1030070090
1200000004
1006312700
1000000000
1079050180
1800000007
1007306800
1450708096
1003502700
1700000005
1016030420
1000000000
1030000080
1009000500
1007509200
1700105008
1020090030
1900402001
1004207100
1002000800
1070000090
1200170603
1050000100
1000006079
1000040700
1000801000
1009050000
1310400000
1005000060
1906037002
1000000080
1800701040
1040020030
1374000900
1000030000
1005000321
1010060050
1050802006
1080000000
1000000085
1000210009
1960080100
1500800016
1000000000
1890006007
1009070052
1300054000
1480000000
1608070502
1050608070
1002000300
1500090006
1040302050
1800050003
1005000200
1010704090
1409060701
1050010040
1107000602
1000905000
1208030501
1040070020
1901080406
1000401000
1304000709
1020060010
1053000790
1009753400
1100000002
1090080010
1000907000
1080030070
1500000003
1007641200
1061000940
1006080300
1049070250
1000405000
1600317004
1007000800
1100826009
1000702000
1075040190
1003090600
1005080700
1700204005
1320000084
1060105040
1008000500
1070803010
1450000091
1600508007
1003010600
1000900800
1128006400
1070800060
1800430007
1500000009
1600079008
1090004010
1003600284
1001007000
1000080000
1270000054
1095000810
1009806400
1020403060
1006905100
1017000620
1460000038
1000090000
1000602000
1400050001
1085010620
1038206710
1000000000
1019407350
1026040530
1900020007
1000809000
1000900002
1050123400
1030000160
1908000000
1070000090
1000000205
1091000050
1007439020
1400007000
1380000000
1000400785
1009020300
1060090000
1800302009
1000040070
1001070500
1495006000
1000000092
1000158000
1002060800
1030000040
1027030510
1000000000
1046080790
1050000080
1004070100
1000325000
1010500200
1900001000
1002008030
1500030007
1008000500
1600080004
1040100700
1000700006
1003004050
1080000040
1000469000
1400000007
1005904600
1070608030
1008502100
1900000005
1000781000
1060000010
1904200007
1010000000
1000706500
1000800090
1020904060
1040002000
1001607000
1000000030
1300005702
1000700800
1006000031
1040002000
1024070000
1010030080
1000060290
1000800070
1860000500
1002006000
1001007090
1590080001
1030000080
1000005800
1050060020
1004100000
1080000030
1100020079
1020700400
1000003017
1015009008
1060000000
1100007000
1009000200
1000500004
1000000020
1500600340
1340200000
1300200000
1000107000
1706030500
1070009080
1900020004
1010800050
1009040301
1000702000
1000008006
